0.000000000000000000e+00 2.000000000000000000e+00 9.230769230769230660e+01
1.000000000000000000e+02 2.000000000000000000e+00 8.769230769230769340e+01
1.000000000000000021e-03 2.000000000000000000e+00 9.307692307692308020e+01
1.000000000000000021e-02 2.000000000000000000e+00 9.307692307692308020e+01
1.000000000000000056e-01 2.000000000000000000e+00 9.230769230769230660e+01
0.000000000000000000e+00 4.000000000000000000e+00 9.769230769230769340e+01
1.000000000000000000e+02 4.000000000000000000e+00 8.923076923076924061e+01
1.000000000000000021e-03 4.000000000000000000e+00 9.769230769230769340e+01
1.000000000000000021e-02 4.000000000000000000e+00 9.846153846153846700e+01
1.000000000000000056e-01 4.000000000000000000e+00 9.769230769230769340e+01
0.000000000000000000e+00 5.000000000000000000e+00 9.769230769230769340e+01
1.000000000000000000e+02 5.000000000000000000e+00 9.153846153846153300e+01
1.000000000000000021e-03 5.000000000000000000e+00 9.769230769230769340e+01
1.000000000000000021e-02 5.000000000000000000e+00 9.769230769230769340e+01
1.000000000000000056e-01 5.000000000000000000e+00 9.769230769230769340e+01
0.000000000000000000e+00 6.000000000000000000e+00 9.769230769230769340e+01
1.000000000000000000e+02 6.000000000000000000e+00 9.230769230769230660e+01
1.000000000000000021e-03 6.000000000000000000e+00 9.769230769230769340e+01
1.000000000000000021e-02 6.000000000000000000e+00 9.769230769230769340e+01
1.000000000000000056e-01 6.000000000000000000e+00 9.769230769230769340e+01
